C automatic include file for card ./Cards/transfer_card.dat and ./Cards/ident_mw_card.dat

        tf_lightjet_e_24 = -5.950150d-01
        tf_lightjet_e_25 = 2.748660d+00
        tf_lightjet_e_26 = -2.901210d-01
        tf_lightjet_e_27 = 6.251390d-02
        tf_lightjet_e_20 = -4.030360d+01
        tf_lightjet_e_21 = 1.331630d+00
        tf_lightjet_e_22 = -9.159540d+01
        tf_lightjet_e_23 = 1.482520d+01
        tf_lightjet_e_19 = 3.072550d+02
        tf_lightjet_e_32 = -2.912750d+00
        tf_lightjet_e_31 = 1.833790d+01
        tf_lightjet_e_30 = 4.828300d+00
        tf_lightjet_e_28 = 1.118470d+03
        tf_lightjet_e_29 = -1.465800d+02
        tf_lightjet_e_35 = -1.253300d+00
        tf_lightjet_e_34 = 7.999560d+00
        tf_lightjet_e_33 = 5.470180d-02
        tf_lightjet_e_36 = 6.342010d-01
        tf_bjet_e_11 = -1.848350d+02
        tf_bjet_e_10 = 1.386070d+03
        tf_bjet_e_13 = -5.784120d+00
        tf_bjet_e_12 = 6.239520d+00
        tf_bjet_e_15 = -1.888080d-01
        tf_bjet_e_14 = 1.350450d+00
        tf_bjet_e_17 = -8.097260d-01
        tf_bjet_e_16 = 6.668360d+00
        tf_bjet_e_18 = 1.847220d-01
        tf_bjet_e_1 = 2.991240d+02
        tf_bjet_e_3 = 9.222140d-01
        tf_bjet_e_2 = -3.359020d+01
        tf_bjet_e_5 = 4.122810d+00
        tf_bjet_e_4 = -2.206010d+01
        tf_bjet_e_7 = -3.780150d+00
        tf_bjet_e_6 = -2.093190d-01
        tf_bjet_e_9 = 1.792240d-02
        tf_bjet_e_8 = 8.459390d-01
